Loudspeaker,0,0,175,29,
Kota's Mom,175,0,155,29,
Old Woman,330,0,134,29,
Classmate?,0,32,131,29,
Classmate?,131,32,131,29,
Schoolgirl,262,32,130,29,
Ryuuji-kun,0,64,129,28,
Inko-chan?,129,64,129,28,
Reporter,392,32,119,28,
Teammate,258,64,119,28,
Inko-chan,377,64,115,28,
StudentÅâ,0,96,114,29,
Employee,114,96,112,28,
Kitamura,226,96,111,28,
StudentÅä,337,96,111,30,
Teacher?,0,128,110,28,
Everyone,110,128,108,28,
Everyone,218,128,108,28,
Everyone,326,128,108,28,
Ami-chan,0,160,107,28,
Teacher!,107,160,104,28,
Nanako?,211,160,100,27,
Minorin,311,160,97,28,
Kihara?,408,160,94,28,
Yacchan,0,192,94,28,
Ryuuji?,94,192,93,28,
Sumire,187,192,87,29,
Junior,274,192,85,28,
Sakura,359,192,85,29,
Patron,0,224,85,28,
Woman,85,224,85,29,
Yasuko,170,224,84,29,
Me???,254,224,84,28,
Minori,338,224,83,28,
Tiger?,421,224,82,28,
Haruta,0,256,81,28,
Haruta,81,256,81,28,
Kihara,162,256,80,28,
Ryuuji,242,256,79,28,
Bird?,434,128,73,27,
Who?,321,256,69,29,
Kashii,444,192,68,29,
Taiga,448,96,64,28,
Me!?,390,256,61,28,
Both,451,256,60,27,
Noto,0,288,58,27,
Noto,58,288,58,27,
Kota,116,288,57,27,
Lady,173,288,56,28,
Me!!,229,288,55,28,
Host,284,288,55,29,
Yuri,339,288,54,27,
???,393,288,51,27,
Ami,464,0,47,28,
Ami,444,288,47,28,
Me!,0,320,46,28,
Fan,46,320,43,28,
